{
  "advancedEditorSelectedIdentifier" : "ProjectBrowser",
  "openSceneRelativePaths" : [
    "Immersive.usda",
    "Scene.usda"
  ],
  "recentIdentifiers" : {
    "D66134B1-3681-4A8E-AFE5-29F257229F3B" : [

    ]
  },
  "sceneCameraHistory" : {
    "D66134B1-3681-4A8E-AFE5-29F257229F3B" : [
      {
        "date" : 760147195.947958,
        "title" : "Untitled",
        "transform" : [
          0.9983389,
          1.1334628e-11,
          0.057614066,
          0,
          -0.002918564,
          0.99871606,
          0.050573003,
          0,
          -0.0575401,
          -0.050657146,
          0.99705714,
          0,
          -0.021993482,
          0.05627273,
          0.2918213,
          1
        ]
      },
      {
        "date" : 760139215.901425,
        "title" : "Untitled",
        "transform" : [
          0.9983389,
          1.1334628e-11,
          0.057614066,
          0,
          -0.002918564,
          0.99871606,
          0.050573003,
          0,
          -0.0575401,
          -0.050657146,
          0.99705714,
          0,
          -0.003059052,
          0.11664544,
          0.2959813,
          1
        ]
      },
      {
        "date" : 760138867.625729,
        "title" : "Untitled",
        "transform" : [
          0.9983389,
          1.1334628e-11,
          0.057614066,
          0,
          -0.002918564,
          0.99871606,
          0.050573003,
          0,
          -0.0575401,
          -0.050657146,
          0.99705714,
          0,
          -0.027673371,
          0.077523544,
          0.2503469,
          1
        ]
      },
      {
        "date" : 760138855.963327,
        "title" : "Untitled",
        "transform" : [
          0.9985341,
          1.1334628e-11,
          0.05412526,
          0,
          -0.0027418314,
          0.99871606,
          0.05058289,
          0,
          -0.054055773,
          -0.050657146,
          0.9972521,
          0,
          -0.025425483,
          0.062331945,
          0.1719763,
          1
        ]
      },
      {
        "date" : 760138852.771338,
        "title" : "Untitled",
        "transform" : [
          0.9985341,
          1.1334628e-11,
          0.05412526,
          0,
          -0.0027418314,
          0.99871606,
          0.05058289,
          0,
          -0.054055773,
          -0.050657146,
          0.9972521,
          0,
          -0.008447278,
          0.10761152,
          0.17519665,
          1
        ]
      },
      {
        "date" : 760138717.579593,
        "title" : "Untitled",
        "transform" : [
          0.9985341,
          1.1334628e-11,
          0.05412526,
          0,
          -0.0027418314,
          0.99871606,
          0.05058289,
          0,
          -0.054055773,
          -0.050657146,
          0.9972521,
          0,
          -0.008447278,
          0.10761152,
          0.17519668,
          1
        ]
      },
      {
        "date" : 760138713.747533,
        "title" : "Untitled",
        "transform" : [
          0.9985341,
          1.1334628e-11,
          0.05412526,
          0,
          -0.0027418314,
          0.99871606,
          0.05058289,
          0,
          -0.054055773,
          -0.050657146,
          0.9972521,
          0,
          0.0095646195,
          0.14282905,
          0.17796195,
          1
        ]
      },
      {
        "date" : 760138710.230254,
        "title" : "Untitled",
        "transform" : [
          0.9985341,
          1.1334628e-11,
          0.05412526,
          0,
          -0.0027418314,
          0.99871606,
          0.05058289,
          0,
          -0.054055773,
          -0.050657146,
          0.9972521,
          0,
          -0.0055861548,
          0.11485632,
          0.27132908,
          1
        ]
      },
      {
        "date" : 760138702.338335,
        "title" : "Untitled",
        "transform" : [
          0.9985341,
          1.1334628e-11,
          0.05412526,
          0,
          -0.0027418314,
          0.99871606,
          0.05058289,
          0,
          -0.054055773,
          -0.050657146,
          0.9972521,
          0,
          -0.0085655525,
          0.100769356,
          0.27045196,
          1
        ]
      },
      {
        "date" : 760138700.664267,
        "title" : "Untitled",
        "transform" : [
          0.9985341,
          1.1334628e-11,
          0.05412526,
          0,
          -0.0027418314,
          0.99871606,
          0.05058289,
          0,
          -0.054055773,
          -0.050657146,
          0.9972521,
          0,
          -0.019659556,
          0.110831544,
          0.27036175,
          1
        ]
      }
    ]
  },
  "sceneViewportBackgroundColors" : {

  },
  "selectedSceneRelativePath" : "Immersive.usda"
}